1 4.0 0.0 0.0
626 7.0 0.0 0.0
2 3.968583 0.0 0.24868989
627 6.968583106994629 0.0 0.24868989
3 3.8763068 0.0 0.48175368
628 6.876306772232056 0.0 0.48175368
4 3.7289686 0.0 0.6845471
629 6.728968620300293 0.0 0.6845471
5 3.5358267 0.0 0.8443279
630 6.535826683044434 0.0 0.8443279
6 3.309017 0.0 0.95105654
631 6.309016942977905 0.0 0.95105654
7 3.0627906 0.0 0.9980267
632 6.062790632247925 0.0 0.9980267
8 2.8126187 0.0 0.9822872
633 5.812618732452393 0.0 0.9822872
9 2.5742207 0.0 0.90482706
634 5.574220657348633 0.0 0.90482706
10 2.362576 0.0 0.77051324
635 5.362576007843018 0.0 0.77051324
11 2.190983 0.0 0.58778524
636 5.190983057022095 0.0 0.58778524
12 2.0702236 0.0 0.36812454
637 5.070223569869995 0.0 0.36812454
13 2.0078852 0.0 0.12533323
638 5.007885217666626 0.0 0.12533323
14 2.0078852 0.0 -0.12533323
639 5.007885217666626 0.0 -0.12533323
15 2.0702236 0.0 -0.36812454
640 5.070223569869995 0.0 -0.36812454
16 2.190983 0.0 -0.58778524
641 5.190983057022095 0.0 -0.58778524
17 2.362576 0.0 -0.77051324
642 5.362576007843018 0.0 -0.77051324
18 2.5742207 0.0 -0.90482706
643 5.574220657348633 0.0 -0.90482706
19 2.8126187 0.0 -0.9822872
644 5.812618732452393 0.0 -0.9822872
20 3.0627906 0.0 -0.9980267
645 6.062790632247925 0.0 -0.9980267
21 3.309017 0.0 -0.95105654
646 6.309016942977905 0.0 -0.95105654
22 3.5358267 0.0 -0.8443279
647 6.535826683044434 0.0 -0.8443279
23 3.7289686 0.0 -0.6845471
648 6.728968620300293 0.0 -0.6845471
24 3.8763068 0.0 -0.48175368
649 6.876306772232056 0.0 -0.48175368
25 3.968583 0.0 -0.24868989
650 6.968583106994629 0.0 -0.24868989
26 3.8743327 0.99475956 0.0
651 6.874332666397095 0.99475956 0.0
27 3.8439028 0.9869465 0.24868989
652 6.843902826309204 0.9869465 0.24868989
28 3.7545254 0.96399826 0.48175368
653 6.754525423049927 0.96399826 0.48175368
29 3.6118162 0.9273568 0.6845471
654 6.611816167831421 0.9273568 0.6845471
30 3.4247422 0.8793244 0.8443279
655 6.424742221832275 0.8793244 0.8443279
31 3.205058 0.8229191 0.95105654
656 6.2050580978393555 0.8229191 0.95105654
32 2.9665673 0.761685 0.9980267
657 5.966567277908325 0.761685 0.9980267
33 2.724255 0.6994698 0.9822872
658 5.724255084991455 0.6994698 0.9822872
34 2.493347 0.6401827 0.90482706
659 5.493346929550171 0.6401827 0.90482706
35 2.2883513 0.58754873 0.77051324
660 5.28835129737854 0.58754873 0.77051324
36 2.1221492 0.5448753 0.58778524
661 5.122149229049683 0.5448753 0.58778524
37 2.0051837 0.51484364 0.36812454
662 5.005183696746826 0.51484364 0.36812454
38 1.9448038 0.49934077 0.12533323
663 4.944803833961487 0.49934077 0.12533323
39 1.9448038 0.49934077 -0.12533323
664 4.944803833961487 0.49934077 -0.12533323
40 2.0051837 0.51484364 -0.36812454
665 5.005183696746826 0.51484364 -0.36812454
41 2.1221492 0.5448753 -0.58778524
666 5.122149229049683 0.5448753 -0.58778524
42 2.2883513 0.58754873 -0.77051324
667 5.28835129737854 0.58754873 -0.77051324
43 2.493347 0.6401827 -0.90482706
668 5.493346929550171 0.6401827 -0.90482706
44 2.724255 0.6994698 -0.9822872
669 5.724255084991455 0.6994698 -0.9822872
45 2.9665673 0.761685 -0.9980267
670 5.966567277908325 0.761685 -0.9980267
46 3.205058 0.8229191 -0.95105654
671 6.2050580978393555 0.8229191 -0.95105654
47 3.4247422 0.8793244 -0.8443279
672 6.424742221832275 0.8793244 -0.8443279
48 3.6118162 0.9273568 -0.6845471
673 6.611816167831421 0.9273568 -0.6845471
49 3.7545254 0.96399826 -0.48175368
674 6.754525423049927 0.96399826 -0.48175368
50 3.8439028 0.9869465 -0.24868989
675 6.843902826309204 0.9869465 -0.24868989
51 3.5052266 1.9270147 0.0
676 6.5052266120910645 1.9270147 0.0
52 3.477696 1.9118795 0.24868989
677 6.477695941925049 1.9118795 0.24868989
53 3.3968334 1.867425 0.48175368
678 6.396833419799805 1.867425 0.48175368
54 3.2677202 1.7964443 0.6845471
679 6.2677202224731445 1.7964443 0.6845471
55 3.0984685 1.7033975 0.8443279
680 6.098468542098999 1.7033975 0.8443279
56 2.8997138 1.5941311 0.95105654
681 5.899713754653931 1.5941311 0.95105654
57 2.6839437 1.4755106 0.9980267
682 5.683943748474121 1.4755106 0.9980267
58 2.4647164 1.3549894 0.9822872
683 5.46471643447876 1.3549894 0.9822872
59 2.2558067 1.2401403 0.90482706
684 5.2558066844940186 1.2401403 0.90482706
60 2.070341 1.1381797 0.77051324
685 5.070341110229492 1.1381797 0.77051324
61 1.919973 1.0555141 0.58778524
686 4.919973015785217 1.0555141 0.58778524
62 1.8141507 0.99733776 0.36812454
687 4.81415069103241 0.99733776 0.36812454
63 1.7595233 0.96730614 0.12533323
688 4.759523272514343 0.96730614 0.12533323
64 1.7595233 0.96730614 -0.12533323
689 4.759523272514343 0.96730614 -0.12533323
65 1.8141507 0.99733776 -0.36812454
690 4.81415069103241 0.99733776 -0.36812454
66 1.919973 1.0555141 -0.58778524
691 4.919973015785217 1.0555141 -0.58778524
67 2.070341 1.1381797 -0.77051324
692 5.070341110229492 1.1381797 -0.77051324
68 2.2558067 1.2401403 -0.90482706
693 5.2558066844940186 1.2401403 -0.90482706
69 2.4647164 1.3549894 -0.9822872
694 5.46471643447876 1.3549894 -0.9822872
70 2.6839437 1.4755106 -0.9980267
695 5.683943748474121 1.4755106 -0.9980267
71 2.8997138 1.5941311 -0.95105654
696 5.899713754653931 1.5941311 -0.95105654
72 3.0984685 1.7033975 -0.8443279
697 6.098468542098999 1.7033975 -0.8443279
73 3.2677202 1.7964443 -0.6845471
698 6.2677202224731445 1.7964443 -0.6845471
74 3.3968334 1.867425 -0.48175368
699 6.396833419799805 1.867425 -0.48175368
75 3.477696 1.9118795 -0.24868989
700 6.477695941925049 1.9118795 -0.24868989
76 2.9158745 2.7381885 0.0
701 5.915874481201172 2.7381885 0.0
77 2.8929727 2.7166822 0.24868989
702 5.892972707748413 2.7166822 0.24868989
78 2.825706 2.6535146 0.48175368
703 5.8257060050964355 2.6535146 0.48175368
79 2.718301 2.5526547 0.6845471
704 5.718301057815552 2.5526547 0.6845471
80 2.5775068 2.42044 0.8443279
705 5.57750678062439 2.42044 0.8443279
81 2.4121697 2.265178 0.95105654
706 5.412169694900513 2.265178 0.95105654
82 2.2326782 2.0966244 0.9980267
707 5.232678174972534 2.0966244 0.9980267
83 2.0503109 1.92537 0.9822872
708 5.050310850143433 1.92537 0.9822872
84 1.8765261 1.7621753 0.90482706
709 4.876526117324829 1.7621753 0.90482706
85 1.7222438 1.6172945 0.77051324
710 4.722243785858154 1.6172945 0.77051324
86 1.5971578 1.4998311 0.58778524
711 4.597157835960388 1.4998311 0.58778524
87 1.509128 1.4171655 0.36812454
712 4.509127974510193 1.4171655 0.36812454
88 1.4636854 1.374492 0.12533323
713 4.463685393333435 1.374492 0.12533323
89 1.4636854 1.374492 -0.12533323
714 4.463685393333435 1.374492 -0.12533323
90 1.509128 1.4171655 -0.36812454
715 4.509127974510193 1.4171655 -0.36812454
91 1.5971578 1.4998311 -0.58778524
716 4.597157835960388 1.4998311 -0.58778524
92 1.7222438 1.6172945 -0.77051324
717 4.722243785858154 1.6172945 -0.77051324
93 1.8765261 1.7621753 -0.90482706
718 4.876526117324829 1.7621753 -0.90482706
94 2.0503109 1.92537 -0.9822872
719 5.050310850143433 1.92537 -0.9822872
95 2.2326782 2.0966244 -0.9980267
720 5.232678174972534 2.0966244 -0.9980267
96 2.4121697 2.265178 -0.95105654
721 5.412169694900513 2.265178 -0.95105654
97 2.5775068 2.42044 -0.8443279
722 5.57750678062439 2.42044 -0.8443279
98 2.718301 2.5526547 -0.6845471
723 5.718301057815552 2.5526547 -0.6845471
99 2.825706 2.6535146 -0.48175368
724 5.8257060050964355 2.6535146 -0.48175368
100 2.8929727 2.7166822 -0.24868989
725 5.892972707748413 2.7166822 -0.24868989
101 2.1433072 3.3773117 0.0
726 5.143307209014893 3.3773117 0.0
102 2.1264732 3.3507855 0.24868989
727 5.1264731884002686 3.3507855 0.24868989
103 2.077029 3.2728739 0.48175368
728 5.07702898979187 3.2728739 0.48175368
104 1.9980813 3.1484723 0.6845471
729 4.99808132648468 3.1484723 0.6845471
105 1.8945907 2.9853973 0.8443279
730 4.894590735435486 2.9853973 0.8443279
106 1.77306 2.7938955 0.95105654
731 4.773059964179993 2.7938955 0.95105654
107 1.6411252 2.5859995 0.9980267
732 4.641125202178955 2.5859995 0.9980267
108 1.5070765 2.3747725 0.9822872
733 4.5070765018463135 2.3747725 0.9822872
109 1.3793365 2.1734865 0.90482706
734 4.379336476325989 2.1734865 0.90482706
110 1.2659315 1.9947889 0.77051324
735 4.265931487083435 1.9947889 0.77051324
111 1.1739874 1.8499081 0.58778524
736 4.17398738861084 1.8499081 0.58778524
112 1.1092812 1.7479476 0.36812454
737 4.1092811822891235 1.7479476 0.36812454
113 1.0758787 1.6953136 0.12533323
738 4.075878739356995 1.6953136 0.12533323
114 1.0758787 1.6953136 -0.12533323
739 4.075878739356995 1.6953136 -0.12533323
115 1.1092812 1.7479476 -0.36812454
740 4.1092811822891235 1.7479476 -0.36812454
116 1.1739874 1.8499081 -0.58778524
741 4.17398738861084 1.8499081 -0.58778524
117 1.2659315 1.9947889 -0.77051324
742 4.265931487083435 1.9947889 -0.77051324
118 1.3793365 2.1734865 -0.90482706
743 4.379336476325989 2.1734865 -0.90482706
119 1.5070765 2.3747725 -0.9822872
744 4.5070765018463135 2.3747725 -0.9822872
120 1.6411252 2.5859995 -0.9980267
745 4.641125202178955 2.5859995 -0.9980267
121 1.77306 2.7938955 -0.95105654
746 4.773059964179993 2.7938955 -0.95105654
122 1.8945907 2.9853973 -0.8443279
747 4.894590735435486 2.9853973 -0.8443279
123 1.9980813 3.1484723 -0.6845471
748 4.99808132648468 3.1484723 -0.6845471
124 2.077029 3.2728739 -0.48175368
749 5.07702898979187 3.2728739 -0.48175368
125 2.1264732 3.3507855 -0.24868989
750 5.1264731884002686 3.3507855 -0.24868989
126 1.236068 3.8042262 0.0
751 4.2360680103302 3.8042262 0.0
127 1.2263596 3.7743468 0.24868989
752 4.226359605789185 3.7743468 0.24868989
128 1.1978446 3.6865866 0.48175368
753 4.197844624519348 3.6865866 0.48175368
129 1.1523147 3.54646 0.6845471
754 4.15231466293335 3.54646 0.6845471
130 1.0926306 3.362771 0.8443279
755 4.092630624771118 3.362771 0.8443279
131 1.0225425 3.147062 0.95105654
756 4.022542476654053 3.147062 0.95105654
132 0.94645435 2.9128869 0.9980267
757 3.946454346179962 2.9128869 0.9980267
133 0.86914694 2.6749594 0.9822872
758 3.869146943092346 2.6749594 0.9822872
134 0.7954779 2.4482293 0.90482706
759 3.7954779267311096 2.4482293 0.90482706
135 0.73007613 2.2469432 0.77051324
760 3.7300761342048645 2.2469432 0.77051324
136 0.677051 2.0837486 0.58778524
761 3.67705100774765 2.0837486 0.58778524
137 0.63973427 1.9688996 0.36812454
762 3.6397342681884766 1.9688996 0.36812454
138 0.6204707 1.9096124 0.12533323
763 3.620470702648163 1.9096124 0.12533323
139 0.6204707 1.9096124 -0.12533323
764 3.620470702648163 1.9096124 -0.12533323
140 0.63973427 1.9688996 -0.36812454
765 3.6397342681884766 1.9688996 -0.36812454
141 0.677051 2.0837486 -0.58778524
766 3.67705100774765 2.0837486 -0.58778524
142 0.73007613 2.2469432 -0.77051324
767 3.7300761342048645 2.2469432 -0.77051324
143 0.7954779 2.4482293 -0.90482706
768 3.7954779267311096 2.4482293 -0.90482706
144 0.86914694 2.6749594 -0.9822872
769 3.869146943092346 2.6749594 -0.9822872
145 0.94645435 2.9128869 -0.9980267
770 3.946454346179962 2.9128869 -0.9980267
146 1.0225425 3.147062 -0.95105654
771 4.022542476654053 3.147062 -0.95105654
147 1.0926306 3.362771 -0.8443279
772 4.092630624771118 3.362771 -0.8443279
148 1.1523147 3.54646 -0.6845471
773 4.15231466293335 3.54646 -0.6845471
149 1.1978446 3.6865866 -0.48175368
774 4.197844624519348 3.6865866 -0.48175368
150 1.2263596 3.7743468 -0.24868989
775 4.226359605789185 3.7743468 -0.24868989
151 0.25116208 3.992107 0.0
776 3.2511620819568634 3.992107 0.0
152 0.24918939 3.960752 0.24868989
777 3.249189391732216 3.960752 0.24868989
153 0.24339531 3.8686576 0.48175368
778 3.2433953136205673 3.8686576 0.48175368
154 0.23414388 3.7216103 0.6845471
779 3.2341438829898834 3.7216103 0.6845471
155 0.2220164 3.5288496 0.8443279
780 3.222016394138336 3.5288496 0.8443279
156 0.20777489 3.3024874 0.95105654
781 3.207774892449379 3.3024874 0.95105654
157 0.19231421 3.0567467 0.9980267
782 3.1923142075538635 3.0567467 0.9980267
158 0.17660579 2.8070686 0.9822872
783 3.1766057908535004 2.8070686 0.9822872
159 0.16163665 2.5691411 0.90482706
784 3.1616366505622864 2.5691411 0.90482706
160 0.14834738 2.357914 0.77051324
785 3.1483473777770996 2.357914 0.77051324
161 0.13757296 2.1866596 0.58778524
786 3.1375729590654373 2.1866596 0.58778524
162 0.12999041 2.0661385 0.36812454
787 3.1299904137849808 2.0661385 0.36812454
163 0.12607616 2.0039232 0.12533323
788 3.1260761618614197 2.0039232 0.12533323
164 0.12607616 2.0039232 -0.12533323
789 3.1260761618614197 2.0039232 -0.12533323
165 0.12999041 2.0661385 -0.36812454
790 3.1299904137849808 2.0661385 -0.36812454
166 0.13757296 2.1866596 -0.58778524
791 3.1375729590654373 2.1866596 -0.58778524
167 0.14834738 2.357914 -0.77051324
792 3.1483473777770996 2.357914 -0.77051324
168 0.16163665 2.5691411 -0.90482706
793 3.1616366505622864 2.5691411 -0.90482706
169 0.17660579 2.8070686 -0.9822872
794 3.1766057908535004 2.8070686 -0.9822872
170 0.19231421 3.0567467 -0.9980267
795 3.1923142075538635 3.0567467 -0.9980267
171 0.20777489 3.3024874 -0.95105654
796 3.207774892449379 3.3024874 -0.95105654
172 0.2220164 3.5288496 -0.8443279
797 3.222016394138336 3.5288496 -0.8443279
173 0.23414388 3.7216103 -0.6845471
798 3.2341438829898834 3.7216103 -0.6845471
174 0.24339531 3.8686576 -0.48175368
799 3.2433953136205673 3.8686576 -0.48175368
175 0.24918939 3.960752 -0.24868989
800 3.249189391732216 3.960752 -0.24868989
176 -0.74952525 3.929149 0.0
801 2.250474750995636 3.929149 0.0
177 -0.74363834 3.8982887 0.24868989
802 2.256361663341522 3.8982887 0.24868989
178 -0.72634745 3.8076465 0.48175368
803 2.2736525535583496 3.8076465 0.48175368
179 -0.69873905 3.6629183 0.6845471
804 2.3012609481811523 3.6629183 0.6845471
180 -0.6625479 3.4731977 0.8443279
805 2.3374521136283875 3.4731977 0.8443279
181 -0.6200479 3.2504053 0.95105654
806 2.379952073097229 3.2504053 0.95105654
182 -0.5739097 3.0085402 0.9980267
807 2.4260903000831604 3.0085402 0.9980267
183 -0.5270322 2.7627995 0.9822872
808 2.472967803478241 2.7627995 0.9822872
184 -0.48236087 2.5286243 0.90482706
809 2.5176391303539276 2.5286243 0.90482706
185 -0.4427026 2.3207283 0.77051324
810 2.55729740858078 2.3207283 0.77051324
186 -0.41054928 2.1521747 0.58778524
811 2.589450716972351 2.1521747 0.58778524
187 -0.3879212 2.033554 0.36812454
812 2.6120787858963013 2.033554 0.36812454
188 -0.3762402 1.9723201 0.12533323
813 2.6237598061561584 1.9723201 0.12533323
189 -0.3762402 1.9723201 -0.12533323
814 2.6237598061561584 1.9723201 -0.12533323
190 -0.3879212 2.033554 -0.36812454
815 2.6120787858963013 2.033554 -0.36812454
191 -0.41054928 2.1521747 -0.58778524
816 2.589450716972351 2.1521747 -0.58778524
192 -0.4427026 2.3207283 -0.77051324
817 2.55729740858078 2.3207283 -0.77051324
193 -0.48236087 2.5286243 -0.90482706
818 2.5176391303539276 2.5286243 -0.90482706
194 -0.5270322 2.7627995 -0.9822872
819 2.472967803478241 2.7627995 -0.9822872
195 -0.5739097 3.0085402 -0.9980267
820 2.4260903000831604 3.0085402 -0.9980267
196 -0.6200479 3.2504053 -0.95105654
821 2.379952073097229 3.2504053 -0.95105654
197 -0.6625479 3.4731977 -0.8443279
822 2.3374521136283875 3.4731977 -0.8443279
198 -0.69873905 3.6629183 -0.6845471
823 2.3012609481811523 3.6629183 -0.6845471
199 -0.72634745 3.8076465 -0.48175368
824 2.2736525535583496 3.8076465 -0.48175368
200 -0.74363834 3.8982887 -0.24868989
825 2.256361663341522 3.8982887 -0.24868989
201 -1.7031171 3.6193082 0.0
826 1.2968828678131104 3.6193082 0.0
202 -1.6897405 3.5908813 0.24868989
827 1.310259461402893 3.5908813 0.24868989
203 -1.6504511 3.5073872 0.48175368
828 1.3495489358901978 3.5073872 0.48175368
204 -1.5877177 3.3740716 0.6845471
829 1.4122823476791382 3.3740716 0.6845471
205 -1.5054818 3.1993117 0.8443279
830 1.4945181608200073 3.1993117 0.8443279
206 -1.4089109 2.9940882 0.95105654
831 1.591089129447937 2.9940882 0.95105654
207 -1.3040727 2.7712958 0.9980267
832 1.6959272623062134 2.7712958 0.9980267
208 -1.1975548 2.5449336 0.9822872
833 1.8024451732635498 2.5449336 0.9822872
209 -1.0960499 2.3292246 0.90482706
834 1.9039500951766968 2.3292246 0.90482706
210 -1.0059359 2.1377227 0.77051324
835 1.9940640926361084 2.1377227 0.77051324
211 -0.9328752 1.9824607 0.58778524
836 2.0671247839927673 1.9824607 0.58778524
212 -0.8814583 1.8731942 0.36812454
837 2.118541717529297 1.8731942 0.36812454
213 -0.854916 1.8167889 0.12533323
838 2.145084023475647 1.8167889 0.12533323
214 -0.854916 1.8167889 -0.12533323
839 2.145084023475647 1.8167889 -0.12533323
215 -0.8814583 1.8731942 -0.36812454
840 2.118541717529297 1.8731942 -0.36812454
216 -0.9328752 1.9824607 -0.58778524
841 2.0671247839927673 1.9824607 -0.58778524
217 -1.0059359 2.1377227 -0.77051324
842 1.9940640926361084 2.1377227 -0.77051324
218 -1.0960499 2.3292246 -0.90482706
843 1.9039500951766968 2.3292246 -0.90482706
219 -1.1975548 2.5449336 -0.9822872
844 1.8024451732635498 2.5449336 -0.9822872
220 -1.3040727 2.7712958 -0.9980267
845 1.6959272623062134 2.7712958 -0.9980267
221 -1.4089109 2.9940882 -0.95105654
846 1.591089129447937 2.9940882 -0.95105654
222 -1.5054818 3.1993117 -0.8443279
847 1.4945181608200073 3.1993117 -0.8443279
223 -1.5877177 3.3740716 -0.6845471
848 1.4122823476791382 3.3740716 -0.6845471
224 -1.6504511 3.5073872 -0.48175368
849 1.3495489358901978 3.5073872 -0.48175368
225 -1.6897405 3.5908813 -0.24868989
850 1.310259461402893 3.5908813 -0.24868989
226 -2.549696 3.082053 0.0
851 0.4503040313720703 3.082053 0.0
227 -2.52967 3.0578458 0.24868989
852 0.47032999992370605 3.0578458 0.24868989
228 -2.470851 2.9867456 0.48175368
853 0.529149055480957 2.9867456 0.48175368
229 -2.376934 2.8732197 0.6845471
854 0.6230659484863281 2.8732197 0.6845471
230 -2.253821 2.7244015 0.8443279
855 0.7461791038513184 2.7244015 0.8443279
231 -2.1092467 2.5496414 0.95105654
856 0.8907532691955566 2.5496414 0.95105654
232 -1.9522961 2.3599207 0.9980267
857 1.0477038621902466 2.3599207 0.9980267
233 -1.7928306 2.16716 0.9822872
858 1.2071694135665894 2.16716 0.9822872
234 -1.64087 1.9834712 0.90482706
859 1.3591300249099731 1.9834712 0.90482706
235 -1.5059626 1.8203961 0.77051324
860 1.494037389755249 1.8203961 0.77051324
236 -1.3965851 1.6881814 0.58778524
861 1.6034148931503296 1.6881814 0.58778524
237 -1.3196101 1.5951346 0.36812454
862 1.6803898811340332 1.5951346 0.36812454
238 -1.2798742 1.5471022 0.12533323
863 1.7201257944107056 1.5471022 0.12533323
239 -1.2798742 1.5471022 -0.12533323
864 1.7201257944107056 1.5471022 -0.12533323
240 -1.3196101 1.5951346 -0.36812454
865 1.6803898811340332 1.5951346 -0.36812454
241 -1.3965851 1.6881814 -0.58778524
866 1.6034148931503296 1.6881814 -0.58778524
242 -1.5059626 1.8203961 -0.77051324
867 1.494037389755249 1.8203961 -0.77051324
243 -1.64087 1.9834712 -0.90482706
868 1.3591300249099731 1.9834712 -0.90482706
244 -1.7928306 2.16716 -0.9822872
869 1.2071694135665894 2.16716 -0.9822872
245 -1.9522961 2.3599207 -0.9980267
870 1.0477038621902466 2.3599207 -0.9980267
246 -2.1092467 2.5496414 -0.95105654
871 0.8907532691955566 2.5496414 -0.95105654
247 -2.253821 2.7244015 -0.8443279
872 0.7461791038513184 2.7244015 -0.8443279
248 -2.376934 2.8732197 -0.6845471
873 0.6230659484863281 2.8732197 -0.6845471
249 -2.470851 2.9867456 -0.48175368
874 0.529149055480957 2.9867456 -0.48175368
250 -2.52967 3.0578458 -0.24868989
875 0.47032999992370605 3.0578458 -0.24868989
251 -3.236068 2.351141 0.0
876 -0.2360680103302002 2.351141 0.0
252 -3.2106512 2.3326747 0.24868989
877 -0.21065115928649902 2.3326747 0.24868989
253 -3.135998 2.278436 0.48175368
878 -0.13599801063537598 2.278436 0.48175368
254 -3.016799 2.1918328 0.6845471
879 -0.016798973083496094 2.1918328 0.6845471
255 -2.860544 2.078307 0.8443279
880 0.13945603370666504 2.078307 0.8443279
256 -2.677051 1.9449914 0.95105654
881 0.3229489326477051 1.9449914 0.95105654
257 -2.4778495 1.800263 0.9980267
882 0.5221505165100098 1.800263 0.9980267
258 -2.2754564 1.6532158 0.9822872
883 0.724543571472168 1.6532158 0.9822872
259 -2.0825882 1.513089 0.90482706
884 0.9174118041992188 1.513089 0.90482706
260 -1.9113642 1.3886874 0.77051324
885 1.088635802268982 1.3886874 0.77051324
261 -1.7725425 1.2878275 0.58778524
886 1.2274575233459473 1.2878275 0.58778524
262 -1.674846 1.2168468 0.36812454
887 1.3251539468765259 1.2168468 0.36812454
263 -1.6244134 1.1802053 0.12533323
888 1.3755866289138794 1.1802053 0.12533323
264 -1.6244134 1.1802053 -0.12533323
889 1.3755866289138794 1.1802053 -0.12533323
265 -1.674846 1.2168468 -0.36812454
890 1.3251539468765259 1.2168468 -0.36812454
266 -1.7725425 1.2878275 -0.58778524
891 1.2274575233459473 1.2878275 -0.58778524
267 -1.9113642 1.3886874 -0.77051324
892 1.088635802268982 1.3886874 -0.77051324
268 -2.0825882 1.513089 -0.90482706
893 0.9174118041992188 1.513089 -0.90482706
269 -2.2754564 1.6532158 -0.9822872
894 0.724543571472168 1.6532158 -0.9822872
270 -2.4778495 1.800263 -0.9980267
895 0.5221505165100098 1.800263 -0.9980267
271 -2.677051 1.9449914 -0.95105654
896 0.3229489326477051 1.9449914 -0.95105654
272 -2.860544 2.078307 -0.8443279
897 0.13945603370666504 2.078307 -0.8443279
273 -3.016799 2.1918328 -0.6845471
898 -0.016798973083496094 2.1918328 -0.6845471
274 -3.135998 2.278436 -0.48175368
899 -0.13599801063537598 2.278436 -0.48175368
275 -3.2106512 2.3326747 -0.24868989
900 -0.21065115928649902 2.3326747 -0.24868989
276 -3.719106 1.4724982 0.0
901 -0.7191059589385986 1.4724982 0.0
277 -3.6898954 1.4609329 0.24868989
902 -0.6898953914642334 1.4609329 0.24868989
278 -3.6040988 1.4269637 0.48175368
903 -0.6040987968444824 1.4269637 0.48175368
279 -3.4671073 1.3727249 0.6845471
904 -0.46710729598999023 1.3727249 0.6845471
280 -3.2875285 1.3016247 0.8443279
905 -0.28752851486206055 1.3016247 0.8443279
281 -3.076646 1.2181304 0.95105654
906 -0.07664608955383301 1.2181304 0.95105654
282 -2.8477106 1.1274884 0.9980267
907 0.15228939056396484 1.1274884 0.9980267
283 -2.6151068 1.035394 0.9822872
908 0.38489317893981934 1.035394 0.9822872
284 -2.3934498 0.94763386 0.90482706
909 0.6065502166748047 0.94763386 0.90482706
285 -2.1966677 0.86972225 0.77051324
910 0.8033323287963867 0.86972225 0.77051324
286 -2.0371244 0.8065546 0.58778524
911 0.9628756046295166 0.8065546 0.58778524
287 -1.9248451 0.7621001 0.36812454
912 1.0751549005508423 0.7621001 0.36812454
288 -1.8668846 0.7391519 0.12533323
913 1.1331154108047485 0.7391519 0.12533323
289 -1.8668846 0.7391519 -0.12533323
914 1.1331154108047485 0.7391519 -0.12533323
290 -1.9248451 0.7621001 -0.36812454
915 1.0751549005508423 0.7621001 -0.36812454
291 -2.0371244 0.8065546 -0.58778524
916 0.9628756046295166 0.8065546 -0.58778524
292 -2.1966677 0.86972225 -0.77051324
917 0.8033323287963867 0.86972225 -0.77051324
293 -2.3934498 0.94763386 -0.90482706
918 0.6065502166748047 0.94763386 -0.90482706
294 -2.6151068 1.035394 -0.9822872
919 0.38489317893981934 1.035394 -0.9822872
295 -2.8477106 1.1274884 -0.9980267
920 0.15228939056396484 1.1274884 -0.9980267
296 -3.076646 1.2181304 -0.95105654
921 -0.07664608955383301 1.2181304 -0.95105654
297 -3.2875285 1.3016247 -0.8443279
922 -0.28752851486206055 1.3016247 -0.8443279
298 -3.4671073 1.3727249 -0.6845471
923 -0.46710729598999023 1.3727249 -0.6845471
299 -3.6040988 1.4269637 -0.48175368
924 -0.6040987968444824 1.4269637 -0.48175368
300 -3.6898954 1.4609329 -0.24868989
925 -0.6898953914642334 1.4609329 -0.24868989
301 -3.968459 0.50133294 0.0
926 -0.968458890914917 0.50133294 0.0
302 -3.9372897 0.49739537 0.24868989
927 -0.9372897148132324 0.49739537 0.24868989
303 -3.8457408 0.48583004 0.48175368
928 -0.845740795135498 0.48583004 0.48175368
304 -3.6995647 0.4673637 0.6845471
929 -0.6995646953582764 0.4673637 0.6845471
305 -3.5079458 0.4431566 0.8443279
930 -0.5079457759857178 0.4431566 0.8443279
306 -3.2829244 0.4147298 0.95105654
931 -0.2829244136810303 0.4147298 0.95105654
307 -3.0386395 0.38386944 0.9980267
932 -0.03863954544067383 0.38386944 0.9980267
308 -2.7904403 0.3525146 0.9822872
933 0.20955967903137207 0.3525146 0.9822872
309 -2.5539222 0.3226354 0.90482706
934 0.446077823638916 0.3226354 0.90482706
310 -2.3439465 0.2961093 0.77051324
935 0.6560535430908203 0.2961093 0.77051324
311 -2.1737065 0.27460298 0.58778524
936 0.8262934684753418 0.27460298 0.58778524
312 -2.0538993 0.2594678 0.36812454
937 0.9461007118225098 0.2594678 0.36812454
313 -1.9920526 0.25165474 0.12533323
938 1.0079474449157715 0.25165474 0.12533323
314 -1.9920526 0.25165474 -0.12533323
939 1.0079474449157715 0.25165474 -0.12533323
315 -2.0538993 0.2594678 -0.36812454
940 0.9461007118225098 0.2594678 -0.36812454
316 -2.1737065 0.27460298 -0.58778524
941 0.8262934684753418 0.27460298 -0.58778524
317 -2.3439465 0.2961093 -0.77051324
942 0.6560535430908203 0.2961093 -0.77051324
318 -2.5539222 0.3226354 -0.90482706
943 0.446077823638916 0.3226354 -0.90482706
319 -2.7904403 0.3525146 -0.9822872
944 0.20955967903137207 0.3525146 -0.9822872
320 -3.0386395 0.38386944 -0.9980267
945 -0.03863954544067383 0.38386944 -0.9980267
321 -3.2829244 0.4147298 -0.95105654
946 -0.2829244136810303 0.4147298 -0.95105654
322 -3.5079458 0.4431566 -0.8443279
947 -0.5079457759857178 0.4431566 -0.8443279
323 -3.6995647 0.4673637 -0.6845471
948 -0.6995646953582764 0.4673637 -0.6845471
324 -3.8457408 0.48583004 -0.48175368
949 -0.845740795135498 0.48583004 -0.48175368
325 -3.9372897 0.49739537 -0.24868989
950 -0.9372897148132324 0.49739537 -0.24868989
326 -3.968459 -0.50133294 0.0
951 -0.968458890914917 -0.50133294 0.0
327 -3.9372897 -0.49739537 0.24868989
952 -0.9372897148132324 -0.49739537 0.24868989
328 -3.8457408 -0.48583004 0.48175368
953 -0.845740795135498 -0.48583004 0.48175368
329 -3.6995647 -0.4673637 0.6845471
954 -0.6995646953582764 -0.4673637 0.6845471
330 -3.5079458 -0.4431566 0.8443279
955 -0.5079457759857178 -0.4431566 0.8443279
331 -3.2829244 -0.4147298 0.95105654
956 -0.2829244136810303 -0.4147298 0.95105654
332 -3.0386395 -0.38386944 0.9980267
957 -0.03863954544067383 -0.38386944 0.9980267
333 -2.7904403 -0.3525146 0.9822872
958 0.20955967903137207 -0.3525146 0.9822872
334 -2.5539222 -0.3226354 0.90482706
959 0.446077823638916 -0.3226354 0.90482706
335 -2.3439465 -0.2961093 0.77051324
960 0.6560535430908203 -0.2961093 0.77051324
336 -2.1737065 -0.27460298 0.58778524
961 0.8262934684753418 -0.27460298 0.58778524
337 -2.0538993 -0.2594678 0.36812454
962 0.9461007118225098 -0.2594678 0.36812454
338 -1.9920526 -0.25165474 0.12533323
963 1.0079474449157715 -0.25165474 0.12533323
339 -1.9920526 -0.25165474 -0.12533323
964 1.0079474449157715 -0.25165474 -0.12533323
340 -2.0538993 -0.2594678 -0.36812454
965 0.9461007118225098 -0.2594678 -0.36812454
341 -2.1737065 -0.27460298 -0.58778524
966 0.8262934684753418 -0.27460298 -0.58778524
342 -2.3439465 -0.2961093 -0.77051324
967 0.6560535430908203 -0.2961093 -0.77051324
343 -2.5539222 -0.3226354 -0.90482706
968 0.446077823638916 -0.3226354 -0.90482706
344 -2.7904403 -0.3525146 -0.9822872
969 0.20955967903137207 -0.3525146 -0.9822872
345 -3.0386395 -0.38386944 -0.9980267
970 -0.03863954544067383 -0.38386944 -0.9980267
346 -3.2829244 -0.4147298 -0.95105654
971 -0.2829244136810303 -0.4147298 -0.95105654
347 -3.5079458 -0.4431566 -0.8443279
972 -0.5079457759857178 -0.4431566 -0.8443279
348 -3.6995647 -0.4673637 -0.6845471
973 -0.6995646953582764 -0.4673637 -0.6845471
349 -3.8457408 -0.48583004 -0.48175368
974 -0.845740795135498 -0.48583004 -0.48175368
350 -3.9372897 -0.49739537 -0.24868989
975 -0.9372897148132324 -0.49739537 -0.24868989
351 -3.719106 -1.4724982 0.0
976 -0.7191059589385986 -1.4724982 0.0
352 -3.6898954 -1.4609329 0.24868989
977 -0.6898953914642334 -1.4609329 0.24868989
353 -3.6040988 -1.4269637 0.48175368
978 -0.6040987968444824 -1.4269637 0.48175368
354 -3.4671073 -1.3727249 0.6845471
979 -0.46710729598999023 -1.3727249 0.6845471
355 -3.2875285 -1.3016247 0.8443279
980 -0.28752851486206055 -1.3016247 0.8443279
356 -3.076646 -1.2181304 0.95105654
981 -0.07664608955383301 -1.2181304 0.95105654
357 -2.8477106 -1.1274884 0.9980267
982 0.15228939056396484 -1.1274884 0.9980267
358 -2.6151068 -1.035394 0.9822872
983 0.38489317893981934 -1.035394 0.9822872
359 -2.3934498 -0.94763386 0.90482706
984 0.6065502166748047 -0.94763386 0.90482706
360 -2.1966677 -0.86972225 0.77051324
985 0.8033323287963867 -0.86972225 0.77051324
361 -2.0371244 -0.8065546 0.58778524
986 0.9628756046295166 -0.8065546 0.58778524
362 -1.9248451 -0.7621001 0.36812454
987 1.0751549005508423 -0.7621001 0.36812454
363 -1.8668846 -0.7391519 0.12533323
988 1.1331154108047485 -0.7391519 0.12533323
364 -1.8668846 -0.7391519 -0.12533323
989 1.1331154108047485 -0.7391519 -0.12533323
365 -1.9248451 -0.7621001 -0.36812454
990 1.0751549005508423 -0.7621001 -0.36812454
366 -2.0371244 -0.8065546 -0.58778524
991 0.9628756046295166 -0.8065546 -0.58778524
367 -2.1966677 -0.86972225 -0.77051324
992 0.8033323287963867 -0.86972225 -0.77051324
368 -2.3934498 -0.94763386 -0.90482706
993 0.6065502166748047 -0.94763386 -0.90482706
369 -2.6151068 -1.035394 -0.9822872
994 0.38489317893981934 -1.035394 -0.9822872
370 -2.8477106 -1.1274884 -0.9980267
995 0.15228939056396484 -1.1274884 -0.9980267
371 -3.076646 -1.2181304 -0.95105654
996 -0.07664608955383301 -1.2181304 -0.95105654
372 -3.2875285 -1.3016247 -0.8443279
997 -0.28752851486206055 -1.3016247 -0.8443279
373 -3.4671073 -1.3727249 -0.6845471
998 -0.46710729598999023 -1.3727249 -0.6845471
374 -3.6040988 -1.4269637 -0.48175368
999 -0.6040987968444824 -1.4269637 -0.48175368
375 -3.6898954 -1.4609329 -0.24868989
1000 -0.6898953914642334 -1.4609329 -0.24868989
376 -3.236068 -2.351141 0.0
1001 -0.2360680103302002 -2.351141 0.0
377 -3.2106512 -2.3326747 0.24868989
1002 -0.21065115928649902 -2.3326747 0.24868989
378 -3.135998 -2.278436 0.48175368
1003 -0.13599801063537598 -2.278436 0.48175368
379 -3.016799 -2.1918328 0.6845471
1004 -0.016798973083496094 -2.1918328 0.6845471
380 -2.860544 -2.078307 0.8443279
1005 0.13945603370666504 -2.078307 0.8443279
381 -2.677051 -1.9449914 0.95105654
1006 0.3229489326477051 -1.9449914 0.95105654
382 -2.4778495 -1.800263 0.9980267
1007 0.5221505165100098 -1.800263 0.9980267
383 -2.2754564 -1.6532158 0.9822872
1008 0.724543571472168 -1.6532158 0.9822872
384 -2.0825882 -1.513089 0.90482706
1009 0.9174118041992188 -1.513089 0.90482706
385 -1.9113642 -1.3886874 0.77051324
1010 1.088635802268982 -1.3886874 0.77051324
386 -1.7725425 -1.2878275 0.58778524
1011 1.2274575233459473 -1.2878275 0.58778524
387 -1.674846 -1.2168468 0.36812454
1012 1.3251539468765259 -1.2168468 0.36812454
388 -1.6244134 -1.1802053 0.12533323
1013 1.3755866289138794 -1.1802053 0.12533323
389 -1.6244134 -1.1802053 -0.12533323
1014 1.3755866289138794 -1.1802053 -0.12533323
390 -1.674846 -1.2168468 -0.36812454
1015 1.3251539468765259 -1.2168468 -0.36812454
391 -1.7725425 -1.2878275 -0.58778524
1016 1.2274575233459473 -1.2878275 -0.58778524
392 -1.9113642 -1.3886874 -0.77051324
1017 1.088635802268982 -1.3886874 -0.77051324
393 -2.0825882 -1.513089 -0.90482706
1018 0.9174118041992188 -1.513089 -0.90482706
394 -2.2754564 -1.6532158 -0.9822872
1019 0.724543571472168 -1.6532158 -0.9822872
395 -2.4778495 -1.800263 -0.9980267
1020 0.5221505165100098 -1.800263 -0.9980267
396 -2.677051 -1.9449914 -0.95105654
1021 0.3229489326477051 -1.9449914 -0.95105654
397 -2.860544 -2.078307 -0.8443279
1022 0.13945603370666504 -2.078307 -0.8443279
398 -3.016799 -2.1918328 -0.6845471
1023 -0.016798973083496094 -2.1918328 -0.6845471
399 -3.135998 -2.278436 -0.48175368
1024 -0.13599801063537598 -2.278436 -0.48175368
400 -3.2106512 -2.3326747 -0.24868989
1025 -0.21065115928649902 -2.3326747 -0.24868989
401 -2.549696 -3.082053 0.0
1026 0.4503040313720703 -3.082053 0.0
402 -2.52967 -3.0578458 0.24868989
1027 0.47032999992370605 -3.0578458 0.24868989
403 -2.470851 -2.9867456 0.48175368
1028 0.529149055480957 -2.9867456 0.48175368
404 -2.376934 -2.8732197 0.6845471
1029 0.6230659484863281 -2.8732197 0.6845471
405 -2.253821 -2.7244015 0.8443279
1030 0.7461791038513184 -2.7244015 0.8443279
406 -2.1092467 -2.5496414 0.95105654
1031 0.8907532691955566 -2.5496414 0.95105654
407 -1.9522961 -2.3599207 0.9980267
1032 1.0477038621902466 -2.3599207 0.9980267
408 -1.7928306 -2.16716 0.9822872
1033 1.2071694135665894 -2.16716 0.9822872
409 -1.64087 -1.9834712 0.90482706
1034 1.3591300249099731 -1.9834712 0.90482706
410 -1.5059626 -1.8203961 0.77051324
1035 1.494037389755249 -1.8203961 0.77051324
411 -1.3965851 -1.6881814 0.58778524
1036 1.6034148931503296 -1.6881814 0.58778524
412 -1.3196101 -1.5951346 0.36812454
1037 1.6803898811340332 -1.5951346 0.36812454
413 -1.2798742 -1.5471022 0.12533323
1038 1.7201257944107056 -1.5471022 0.12533323
414 -1.2798742 -1.5471022 -0.12533323
1039 1.7201257944107056 -1.5471022 -0.12533323
415 -1.3196101 -1.5951346 -0.36812454
1040 1.6803898811340332 -1.5951346 -0.36812454
416 -1.3965851 -1.6881814 -0.58778524
1041 1.6034148931503296 -1.6881814 -0.58778524
417 -1.5059626 -1.8203961 -0.77051324
1042 1.494037389755249 -1.8203961 -0.77051324
418 -1.64087 -1.9834712 -0.90482706
1043 1.3591300249099731 -1.9834712 -0.90482706
419 -1.7928306 -2.16716 -0.9822872
1044 1.2071694135665894 -2.16716 -0.9822872
420 -1.9522961 -2.3599207 -0.9980267
1045 1.0477038621902466 -2.3599207 -0.9980267
421 -2.1092467 -2.5496414 -0.95105654
1046 0.8907532691955566 -2.5496414 -0.95105654
422 -2.253821 -2.7244015 -0.8443279
1047 0.7461791038513184 -2.7244015 -0.8443279
423 -2.376934 -2.8732197 -0.6845471
1048 0.6230659484863281 -2.8732197 -0.6845471
424 -2.470851 -2.9867456 -0.48175368
1049 0.529149055480957 -2.9867456 -0.48175368
425 -2.52967 -3.0578458 -0.24868989
1050 0.47032999992370605 -3.0578458 -0.24868989
426 -1.7031171 -3.6193082 0.0
1051 1.2968828678131104 -3.6193082 0.0
427 -1.6897405 -3.5908813 0.24868989
1052 1.310259461402893 -3.5908813 0.24868989
428 -1.6504511 -3.5073872 0.48175368
1053 1.3495489358901978 -3.5073872 0.48175368
429 -1.5877177 -3.3740716 0.6845471
1054 1.4122823476791382 -3.3740716 0.6845471
430 -1.5054818 -3.1993117 0.8443279
1055 1.4945181608200073 -3.1993117 0.8443279
431 -1.4089109 -2.9940882 0.95105654
1056 1.591089129447937 -2.9940882 0.95105654
432 -1.3040727 -2.7712958 0.9980267
1057 1.6959272623062134 -2.7712958 0.9980267
433 -1.1975548 -2.5449336 0.9822872
1058 1.8024451732635498 -2.5449336 0.9822872
434 -1.0960499 -2.3292246 0.90482706
1059 1.9039500951766968 -2.3292246 0.90482706
435 -1.0059359 -2.1377227 0.77051324
1060 1.9940640926361084 -2.1377227 0.77051324
436 -0.9328752 -1.9824607 0.58778524
1061 2.0671247839927673 -1.9824607 0.58778524
437 -0.8814583 -1.8731942 0.36812454
1062 2.118541717529297 -1.8731942 0.36812454
438 -0.854916 -1.8167889 0.12533323
1063 2.145084023475647 -1.8167889 0.12533323
439 -0.854916 -1.8167889 -0.12533323
1064 2.145084023475647 -1.8167889 -0.12533323
440 -0.8814583 -1.8731942 -0.36812454
1065 2.118541717529297 -1.8731942 -0.36812454
441 -0.9328752 -1.9824607 -0.58778524
1066 2.0671247839927673 -1.9824607 -0.58778524
442 -1.0059359 -2.1377227 -0.77051324
1067 1.9940640926361084 -2.1377227 -0.77051324
443 -1.0960499 -2.3292246 -0.90482706
1068 1.9039500951766968 -2.3292246 -0.90482706
444 -1.1975548 -2.5449336 -0.9822872
1069 1.8024451732635498 -2.5449336 -0.9822872
445 -1.3040727 -2.7712958 -0.9980267
1070 1.6959272623062134 -2.7712958 -0.9980267
446 -1.4089109 -2.9940882 -0.95105654
1071 1.591089129447937 -2.9940882 -0.95105654
447 -1.5054818 -3.1993117 -0.8443279
1072 1.4945181608200073 -3.1993117 -0.8443279
448 -1.5877177 -3.3740716 -0.6845471
1073 1.4122823476791382 -3.3740716 -0.6845471
449 -1.6504511 -3.5073872 -0.48175368
1074 1.3495489358901978 -3.5073872 -0.48175368
450 -1.6897405 -3.5908813 -0.24868989
1075 1.310259461402893 -3.5908813 -0.24868989
451 -0.74952525 -3.929149 0.0
1076 2.250474750995636 -3.929149 0.0
452 -0.74363834 -3.8982887 0.24868989
1077 2.256361663341522 -3.8982887 0.24868989
453 -0.72634745 -3.8076465 0.48175368
1078 2.2736525535583496 -3.8076465 0.48175368
454 -0.69873905 -3.6629183 0.6845471
1079 2.3012609481811523 -3.6629183 0.6845471
455 -0.6625479 -3.4731977 0.8443279
1080 2.3374521136283875 -3.4731977 0.8443279
456 -0.6200479 -3.2504053 0.95105654
1081 2.379952073097229 -3.2504053 0.95105654
457 -0.5739097 -3.0085402 0.9980267
1082 2.4260903000831604 -3.0085402 0.9980267
458 -0.5270322 -2.7627995 0.9822872
1083 2.472967803478241 -2.7627995 0.9822872
459 -0.48236087 -2.5286243 0.90482706
1084 2.5176391303539276 -2.5286243 0.90482706
460 -0.4427026 -2.3207283 0.77051324
1085 2.55729740858078 -2.3207283 0.77051324
461 -0.41054928 -2.1521747 0.58778524
1086 2.589450716972351 -2.1521747 0.58778524
462 -0.3879212 -2.033554 0.36812454
1087 2.6120787858963013 -2.033554 0.36812454
463 -0.3762402 -1.9723201 0.12533323
1088 2.6237598061561584 -1.9723201 0.12533323
464 -0.3762402 -1.9723201 -0.12533323
1089 2.6237598061561584 -1.9723201 -0.12533323
465 -0.3879212 -2.033554 -0.36812454
1090 2.6120787858963013 -2.033554 -0.36812454
466 -0.41054928 -2.1521747 -0.58778524
1091 2.589450716972351 -2.1521747 -0.58778524
467 -0.4427026 -2.3207283 -0.77051324
1092 2.55729740858078 -2.3207283 -0.77051324
468 -0.48236087 -2.5286243 -0.90482706
1093 2.5176391303539276 -2.5286243 -0.90482706
469 -0.5270322 -2.7627995 -0.9822872
1094 2.472967803478241 -2.7627995 -0.9822872
470 -0.5739097 -3.0085402 -0.9980267
1095 2.4260903000831604 -3.0085402 -0.9980267
471 -0.6200479 -3.2504053 -0.95105654
1096 2.379952073097229 -3.2504053 -0.95105654
472 -0.6625479 -3.4731977 -0.8443279
1097 2.3374521136283875 -3.4731977 -0.8443279
473 -0.69873905 -3.6629183 -0.6845471
1098 2.3012609481811523 -3.6629183 -0.6845471
474 -0.72634745 -3.8076465 -0.48175368
1099 2.2736525535583496 -3.8076465 -0.48175368
475 -0.74363834 -3.8982887 -0.24868989
1100 2.256361663341522 -3.8982887 -0.24868989
476 0.25116208 -3.992107 0.0
1101 3.2511620819568634 -3.992107 0.0
477 0.24918939 -3.960752 0.24868989
1102 3.249189391732216 -3.960752 0.24868989
478 0.24339531 -3.8686576 0.48175368
1103 3.2433953136205673 -3.8686576 0.48175368
479 0.23414388 -3.7216103 0.6845471
1104 3.2341438829898834 -3.7216103 0.6845471
480 0.2220164 -3.5288496 0.8443279
1105 3.222016394138336 -3.5288496 0.8443279
481 0.20777489 -3.3024874 0.95105654
1106 3.207774892449379 -3.3024874 0.95105654
482 0.19231421 -3.0567467 0.9980267
1107 3.1923142075538635 -3.0567467 0.9980267
483 0.17660579 -2.8070686 0.9822872
1108 3.1766057908535004 -2.8070686 0.9822872
484 0.16163665 -2.5691411 0.90482706
1109 3.1616366505622864 -2.5691411 0.90482706
485 0.14834738 -2.357914 0.77051324
1110 3.1483473777770996 -2.357914 0.77051324
486 0.13757296 -2.1866596 0.58778524
1111 3.1375729590654373 -2.1866596 0.58778524
487 0.12999041 -2.0661385 0.36812454
1112 3.1299904137849808 -2.0661385 0.36812454
488 0.12607616 -2.0039232 0.12533323
1113 3.1260761618614197 -2.0039232 0.12533323
489 0.12607616 -2.0039232 -0.12533323
1114 3.1260761618614197 -2.0039232 -0.12533323
490 0.12999041 -2.0661385 -0.36812454
1115 3.1299904137849808 -2.0661385 -0.36812454
491 0.13757296 -2.1866596 -0.58778524
1116 3.1375729590654373 -2.1866596 -0.58778524
492 0.14834738 -2.357914 -0.77051324
1117 3.1483473777770996 -2.357914 -0.77051324
493 0.16163665 -2.5691411 -0.90482706
1118 3.1616366505622864 -2.5691411 -0.90482706
494 0.17660579 -2.8070686 -0.9822872
1119 3.1766057908535004 -2.8070686 -0.9822872
495 0.19231421 -3.0567467 -0.9980267
1120 3.1923142075538635 -3.0567467 -0.9980267
496 0.20777489 -3.3024874 -0.95105654
1121 3.207774892449379 -3.3024874 -0.95105654
497 0.2220164 -3.5288496 -0.8443279
1122 3.222016394138336 -3.5288496 -0.8443279
498 0.23414388 -3.7216103 -0.6845471
1123 3.2341438829898834 -3.7216103 -0.6845471
499 0.24339531 -3.8686576 -0.48175368
1124 3.2433953136205673 -3.8686576 -0.48175368
500 0.24918939 -3.960752 -0.24868989
1125 3.249189391732216 -3.960752 -0.24868989
501 1.236068 -3.8042262 0.0
1126 4.2360680103302 -3.8042262 0.0
502 1.2263596 -3.7743468 0.24868989
1127 4.226359605789185 -3.7743468 0.24868989
503 1.1978446 -3.6865866 0.48175368
1128 4.197844624519348 -3.6865866 0.48175368
504 1.1523147 -3.54646 0.6845471
1129 4.15231466293335 -3.54646 0.6845471
505 1.0926306 -3.362771 0.8443279
1130 4.092630624771118 -3.362771 0.8443279
506 1.0225425 -3.147062 0.95105654
1131 4.022542476654053 -3.147062 0.95105654
507 0.94645435 -2.9128869 0.9980267
1132 3.946454346179962 -2.9128869 0.9980267
508 0.86914694 -2.6749594 0.9822872
1133 3.869146943092346 -2.6749594 0.9822872
509 0.7954779 -2.4482293 0.90482706
1134 3.7954779267311096 -2.4482293 0.90482706
510 0.73007613 -2.2469432 0.77051324
1135 3.7300761342048645 -2.2469432 0.77051324
511 0.677051 -2.0837486 0.58778524
1136 3.67705100774765 -2.0837486 0.58778524
512 0.63973427 -1.9688996 0.36812454
1137 3.6397342681884766 -1.9688996 0.36812454
513 0.6204707 -1.9096124 0.12533323
1138 3.620470702648163 -1.9096124 0.12533323
514 0.6204707 -1.9096124 -0.12533323
1139 3.620470702648163 -1.9096124 -0.12533323
515 0.63973427 -1.9688996 -0.36812454
1140 3.6397342681884766 -1.9688996 -0.36812454
516 0.677051 -2.0837486 -0.58778524
1141 3.67705100774765 -2.0837486 -0.58778524
517 0.73007613 -2.2469432 -0.77051324
1142 3.7300761342048645 -2.2469432 -0.77051324
518 0.7954779 -2.4482293 -0.90482706
1143 3.7954779267311096 -2.4482293 -0.90482706
519 0.86914694 -2.6749594 -0.9822872
1144 3.869146943092346 -2.6749594 -0.9822872
520 0.94645435 -2.9128869 -0.9980267
1145 3.946454346179962 -2.9128869 -0.9980267
521 1.0225425 -3.147062 -0.95105654
1146 4.022542476654053 -3.147062 -0.95105654
522 1.0926306 -3.362771 -0.8443279
1147 4.092630624771118 -3.362771 -0.8443279
523 1.1523147 -3.54646 -0.6845471
1148 4.15231466293335 -3.54646 -0.6845471
524 1.1978446 -3.6865866 -0.48175368
1149 4.197844624519348 -3.6865866 -0.48175368
525 1.2263596 -3.7743468 -0.24868989
1150 4.226359605789185 -3.7743468 -0.24868989
526 2.1433072 -3.3773117 0.0
1151 5.143307209014893 -3.3773117 0.0
527 2.1264732 -3.3507855 0.24868989
1152 5.1264731884002686 -3.3507855 0.24868989
528 2.077029 -3.2728739 0.48175368
1153 5.07702898979187 -3.2728739 0.48175368
529 1.9980813 -3.1484723 0.6845471
1154 4.99808132648468 -3.1484723 0.6845471
530 1.8945907 -2.9853973 0.8443279
1155 4.894590735435486 -2.9853973 0.8443279
531 1.77306 -2.7938955 0.95105654
1156 4.773059964179993 -2.7938955 0.95105654
532 1.6411252 -2.5859995 0.9980267
1157 4.641125202178955 -2.5859995 0.9980267
533 1.5070765 -2.3747725 0.9822872
1158 4.5070765018463135 -2.3747725 0.9822872
534 1.3793365 -2.1734865 0.90482706
1159 4.379336476325989 -2.1734865 0.90482706
535 1.2659315 -1.9947889 0.77051324
1160 4.265931487083435 -1.9947889 0.77051324
536 1.1739874 -1.8499081 0.58778524
1161 4.17398738861084 -1.8499081 0.58778524
537 1.1092812 -1.7479476 0.36812454
1162 4.1092811822891235 -1.7479476 0.36812454
538 1.0758787 -1.6953136 0.12533323
1163 4.075878739356995 -1.6953136 0.12533323
539 1.0758787 -1.6953136 -0.12533323
1164 4.075878739356995 -1.6953136 -0.12533323
540 1.1092812 -1.7479476 -0.36812454
1165 4.1092811822891235 -1.7479476 -0.36812454
541 1.1739874 -1.8499081 -0.58778524
1166 4.17398738861084 -1.8499081 -0.58778524
542 1.2659315 -1.9947889 -0.77051324
1167 4.265931487083435 -1.9947889 -0.77051324
543 1.3793365 -2.1734865 -0.90482706
1168 4.379336476325989 -2.1734865 -0.90482706
544 1.5070765 -2.3747725 -0.9822872
1169 4.5070765018463135 -2.3747725 -0.9822872
545 1.6411252 -2.5859995 -0.9980267
1170 4.641125202178955 -2.5859995 -0.9980267
546 1.77306 -2.7938955 -0.95105654
1171 4.773059964179993 -2.7938955 -0.95105654
547 1.8945907 -2.9853973 -0.8443279
1172 4.894590735435486 -2.9853973 -0.8443279
548 1.9980813 -3.1484723 -0.6845471
1173 4.99808132648468 -3.1484723 -0.6845471
549 2.077029 -3.2728739 -0.48175368
1174 5.07702898979187 -3.2728739 -0.48175368
550 2.1264732 -3.3507855 -0.24868989
1175 5.1264731884002686 -3.3507855 -0.24868989
551 2.9158745 -2.7381885 0.0
1176 5.915874481201172 -2.7381885 0.0
552 2.8929727 -2.7166822 0.24868989
1177 5.892972707748413 -2.7166822 0.24868989
553 2.825706 -2.6535146 0.48175368
1178 5.8257060050964355 -2.6535146 0.48175368
554 2.718301 -2.5526547 0.6845471
1179 5.718301057815552 -2.5526547 0.6845471
555 2.5775068 -2.42044 0.8443279
1180 5.57750678062439 -2.42044 0.8443279
556 2.4121697 -2.265178 0.95105654
1181 5.412169694900513 -2.265178 0.95105654
557 2.2326782 -2.0966244 0.9980267
1182 5.232678174972534 -2.0966244 0.9980267
558 2.0503109 -1.92537 0.9822872
1183 5.050310850143433 -1.92537 0.9822872
559 1.8765261 -1.7621753 0.90482706
1184 4.876526117324829 -1.7621753 0.90482706
560 1.7222438 -1.6172945 0.77051324
1185 4.722243785858154 -1.6172945 0.77051324
561 1.5971578 -1.4998311 0.58778524
1186 4.597157835960388 -1.4998311 0.58778524
562 1.509128 -1.4171655 0.36812454
1187 4.509127974510193 -1.4171655 0.36812454
563 1.4636854 -1.374492 0.12533323
1188 4.463685393333435 -1.374492 0.12533323
564 1.4636854 -1.374492 -0.12533323
1189 4.463685393333435 -1.374492 -0.12533323
565 1.509128 -1.4171655 -0.36812454
1190 4.509127974510193 -1.4171655 -0.36812454
566 1.5971578 -1.4998311 -0.58778524
1191 4.597157835960388 -1.4998311 -0.58778524
567 1.7222438 -1.6172945 -0.77051324
1192 4.722243785858154 -1.6172945 -0.77051324
568 1.8765261 -1.7621753 -0.90482706
1193 4.876526117324829 -1.7621753 -0.90482706
569 2.0503109 -1.92537 -0.9822872
1194 5.050310850143433 -1.92537 -0.9822872
570 2.2326782 -2.0966244 -0.9980267
1195 5.232678174972534 -2.0966244 -0.9980267
571 2.4121697 -2.265178 -0.95105654
1196 5.412169694900513 -2.265178 -0.95105654
572 2.5775068 -2.42044 -0.8443279
1197 5.57750678062439 -2.42044 -0.8443279
573 2.718301 -2.5526547 -0.6845471
1198 5.718301057815552 -2.5526547 -0.6845471
574 2.825706 -2.6535146 -0.48175368
1199 5.8257060050964355 -2.6535146 -0.48175368
575 2.8929727 -2.7166822 -0.24868989
1200 5.892972707748413 -2.7166822 -0.24868989
576 3.5052266 -1.9270147 0.0
1201 6.5052266120910645 -1.9270147 0.0
577 3.477696 -1.9118795 0.24868989
1202 6.477695941925049 -1.9118795 0.24868989
578 3.3968334 -1.867425 0.48175368
1203 6.396833419799805 -1.867425 0.48175368
579 3.2677202 -1.7964443 0.6845471
1204 6.2677202224731445 -1.7964443 0.6845471
580 3.0984685 -1.7033975 0.8443279
1205 6.098468542098999 -1.7033975 0.8443279
581 2.8997138 -1.5941311 0.95105654
1206 5.899713754653931 -1.5941311 0.95105654
582 2.6839437 -1.4755106 0.9980267
1207 5.683943748474121 -1.4755106 0.9980267
583 2.4647164 -1.3549894 0.9822872
1208 5.46471643447876 -1.3549894 0.9822872
584 2.2558067 -1.2401403 0.90482706
1209 5.2558066844940186 -1.2401403 0.90482706
585 2.070341 -1.1381797 0.77051324
1210 5.070341110229492 -1.1381797 0.77051324
586 1.919973 -1.0555141 0.58778524
1211 4.919973015785217 -1.0555141 0.58778524
587 1.8141507 -0.99733776 0.36812454
1212 4.81415069103241 -0.99733776 0.36812454
588 1.7595233 -0.96730614 0.12533323
1213 4.759523272514343 -0.96730614 0.12533323
589 1.7595233 -0.96730614 -0.12533323
1214 4.759523272514343 -0.96730614 -0.12533323
590 1.8141507 -0.99733776 -0.36812454
1215 4.81415069103241 -0.99733776 -0.36812454
591 1.919973 -1.0555141 -0.58778524
1216 4.919973015785217 -1.0555141 -0.58778524
592 2.070341 -1.1381797 -0.77051324
1217 5.070341110229492 -1.1381797 -0.77051324
593 2.2558067 -1.2401403 -0.90482706
1218 5.2558066844940186 -1.2401403 -0.90482706
594 2.4647164 -1.3549894 -0.9822872
1219 5.46471643447876 -1.3549894 -0.9822872
595 2.6839437 -1.4755106 -0.9980267
1220 5.683943748474121 -1.4755106 -0.9980267
596 2.8997138 -1.5941311 -0.95105654
1221 5.899713754653931 -1.5941311 -0.95105654
597 3.0984685 -1.7033975 -0.8443279
1222 6.098468542098999 -1.7033975 -0.8443279
598 3.2677202 -1.7964443 -0.6845471
1223 6.2677202224731445 -1.7964443 -0.6845471
599 3.3968334 -1.867425 -0.48175368
1224 6.396833419799805 -1.867425 -0.48175368
600 3.477696 -1.9118795 -0.24868989
1225 6.477695941925049 -1.9118795 -0.24868989
601 3.8743327 -0.99475956 0.0
1226 6.874332666397095 -0.99475956 0.0
602 3.8439028 -0.9869465 0.24868989
1227 6.843902826309204 -0.9869465 0.24868989
603 3.7545254 -0.96399826 0.48175368
1228 6.754525423049927 -0.96399826 0.48175368
604 3.6118162 -0.9273568 0.6845471
1229 6.611816167831421 -0.9273568 0.6845471
605 3.4247422 -0.8793244 0.8443279
1230 6.424742221832275 -0.8793244 0.8443279
606 3.205058 -0.8229191 0.95105654
1231 6.2050580978393555 -0.8229191 0.95105654
607 2.9665673 -0.761685 0.9980267
1232 5.966567277908325 -0.761685 0.9980267
608 2.724255 -0.6994698 0.9822872
1233 5.724255084991455 -0.6994698 0.9822872
609 2.493347 -0.6401827 0.90482706
1234 5.493346929550171 -0.6401827 0.90482706
610 2.2883513 -0.58754873 0.77051324
1235 5.28835129737854 -0.58754873 0.77051324
611 2.1221492 -0.5448753 0.58778524
1236 5.122149229049683 -0.5448753 0.58778524
612 2.0051837 -0.51484364 0.36812454
1237 5.005183696746826 -0.51484364 0.36812454
613 1.9448038 -0.49934077 0.12533323
1238 4.944803833961487 -0.49934077 0.12533323
614 1.9448038 -0.49934077 -0.12533323
1239 4.944803833961487 -0.49934077 -0.12533323
615 2.0051837 -0.51484364 -0.36812454
1240 5.005183696746826 -0.51484364 -0.36812454
616 2.1221492 -0.5448753 -0.58778524
1241 5.122149229049683 -0.5448753 -0.58778524
617 2.2883513 -0.58754873 -0.77051324
1242 5.28835129737854 -0.58754873 -0.77051324
618 2.493347 -0.6401827 -0.90482706
1243 5.493346929550171 -0.6401827 -0.90482706
619 2.724255 -0.6994698 -0.9822872
1244 5.724255084991455 -0.6994698 -0.9822872
620 2.9665673 -0.761685 -0.9980267
1245 5.966567277908325 -0.761685 -0.9980267
621 3.205058 -0.8229191 -0.95105654
1246 6.2050580978393555 -0.8229191 -0.95105654
622 3.4247422 -0.8793244 -0.8443279
1247 6.424742221832275 -0.8793244 -0.8443279
623 3.6118162 -0.9273568 -0.6845471
1248 6.611816167831421 -0.9273568 -0.6845471
624 3.7545254 -0.96399826 -0.48175368
1249 6.754525423049927 -0.96399826 -0.48175368
625 3.8439028 -0.9869465 -0.24868989
1250 6.843902826309204 -0.9869465 -0.24868989
Faces:
1 26 27 2.
626 651 652 627.
2 27 28 3.
627 652 653 628.
3 28 29 4.
628 653 654 629.
4 29 30 5.
629 654 655 630.
5 30 31 6.
630 655 656 631.
6 31 32 7.
631 656 657 632.
7 32 33 8.
632 657 658 633.
8 33 34 9.
633 658 659 634.
9 34 35 10.
634 659 660 635.
10 35 36 11.
635 660 661 636.
11 36 37 12.
636 661 662 637.
12 37 38 13.
637 662 663 638.
13 38 39 14.
638 663 664 639.
14 39 40 15.
639 664 665 640.
15 40 41 16.
640 665 666 641.
16 41 42 17.
641 666 667 642.
17 42 43 18.
642 667 668 643.
18 43 44 19.
643 668 669 644.
19 44 45 20.
644 669 670 645.
20 45 46 21.
645 670 671 646.
21 46 47 22.
646 671 672 647.
22 47 48 23.
647 672 673 648.
23 48 49 24.
648 673 674 649.
24 49 50 25.
649 674 675 650.
25 50 26 1.
650 675 651 626.
26 51 52 27.
651 676 677 652.
27 52 53 28.
652 677 678 653.
28 53 54 29.
653 678 679 654.
29 54 55 30.
654 679 680 655.
30 55 56 31.
655 680 681 656.
31 56 57 32.
656 681 682 657.
32 57 58 33.
657 682 683 658.
33 58 59 34.
658 683 684 659.
34 59 60 35.
659 684 685 660.
35 60 61 36.
660 685 686 661.
36 61 62 37.
661 686 687 662.
37 62 63 38.
662 687 688 663.
38 63 64 39.
663 688 689 664.
39 64 65 40.
664 689 690 665.
40 65 66 41.
665 690 691 666.
41 66 67 42.
666 691 692 667.
42 67 68 43.
667 692 693 668.
43 68 69 44.
668 693 694 669.
44 69 70 45.
669 694 695 670.
45 70 71 46.
670 695 696 671.
46 71 72 47.
671 696 697 672.
47 72 73 48.
672 697 698 673.
48 73 74 49.
673 698 699 674.
49 74 75 50.
674 699 700 675.
50 75 51 26.
675 700 676 651.
51 76 77 52.
676 701 702 677.
52 77 78 53.
677 702 703 678.
53 78 79 54.
678 703 704 679.
54 79 80 55.
679 704 705 680.
55 80 81 56.
680 705 706 681.
56 81 82 57.
681 706 707 682.
57 82 83 58.
682 707 708 683.
58 83 84 59.
683 708 709 684.
59 84 85 60.
684 709 710 685.
60 85 86 61.
685 710 711 686.
61 86 87 62.
686 711 712 687.
62 87 88 63.
687 712 713 688.
63 88 89 64.
688 713 714 689.
64 89 90 65.
689 714 715 690.
65 90 91 66.
690 715 716 691.
66 91 92 67.
691 716 717 692.
67 92 93 68.
692 717 718 693.
68 93 94 69.
693 718 719 694.
69 94 95 70.
694 719 720 695.
70 95 96 71.
695 720 721 696.
71 96 97 72.
696 721 722 697.
72 97 98 73.
697 722 723 698.
73 98 99 74.
698 723 724 699.
74 99 100 75.
699 724 725 700.
75 100 76 51.
700 725 701 676.
76 101 102 77.
701 726 727 702.
77 102 103 78.
702 727 728 703.
78 103 104 79.
703 728 729 704.
79 104 105 80.
704 729 730 705.
80 105 106 81.
705 730 731 706.
81 106 107 82.
706 731 732 707.
82 107 108 83.
707 732 733 708.
83 108 109 84.
708 733 734 709.
84 109 110 85.
709 734 735 710.
85 110 111 86.
710 735 736 711.
86 111 112 87.
711 736 737 712.
87 112 113 88.
712 737 738 713.
88 113 114 89.
713 738 739 714.
89 114 115 90.
714 739 740 715.
90 115 116 91.
715 740 741 716.
91 116 117 92.
716 741 742 717.
92 117 118 93.
717 742 743 718.
93 118 119 94.
718 743 744 719.
94 119 120 95.
719 744 745 720.
95 120 121 96.
720 745 746 721.
96 121 122 97.
721 746 747 722.
97 122 123 98.
722 747 748 723.
98 123 124 99.
723 748 749 724.
99 124 125 100.
724 749 750 725.
100 125 101 76.
725 750 726 701.
101 126 127 102.
726 751 752 727.
102 127 128 103.
727 752 753 728.
103 128 129 104.
728 753 754 729.
104 129 130 105.
729 754 755 730.
105 130 131 106.
730 755 756 731.
106 131 132 107.
731 756 757 732.
107 132 133 108.
732 757 758 733.
108 133 134 109.
733 758 759 734.
109 134 135 110.
734 759 760 735.
110 135 136 111.
735 760 761 736.
111 136 137 112.
736 761 762 737.
112 137 138 113.
737 762 763 738.
113 138 139 114.
738 763 764 739.
114 139 140 115.
739 764 765 740.
115 140 141 116.
740 765 766 741.
116 141 142 117.
741 766 767 742.
117 142 143 118.
742 767 768 743.
118 143 144 119.
743 768 769 744.
119 144 145 120.
744 769 770 745.
120 145 146 121.
745 770 771 746.
121 146 147 122.
746 771 772 747.
122 147 148 123.
747 772 773 748.
123 148 149 124.
748 773 774 749.
124 149 150 125.
749 774 775 750.
125 150 126 101.
750 775 751 726.
126 151 152 127.
751 776 777 752.
127 152 153 128.
752 777 778 753.
128 153 154 129.
753 778 779 754.
129 154 155 130.
754 779 780 755.
130 155 156 131.
755 780 781 756.
131 156 157 132.
756 781 782 757.
132 157 158 133.
757 782 783 758.
133 158 159 134.
758 783 784 759.
134 159 160 135.
759 784 785 760.
135 160 161 136.
760 785 786 761.
136 161 162 137.
761 786 787 762.
137 162 163 138.
762 787 788 763.
138 163 164 139.
763 788 789 764.
139 164 165 140.
764 789 790 765.
140 165 166 141.
765 790 791 766.
141 166 167 142.
766 791 792 767.
142 167 168 143.
767 792 793 768.
143 168 169 144.
768 793 794 769.
144 169 170 145.
769 794 795 770.
145 170 171 146.
770 795 796 771.
146 171 172 147.
771 796 797 772.
147 172 173 148.
772 797 798 773.
148 173 174 149.
773 798 799 774.
149 174 175 150.
774 799 800 775.
150 175 151 126.
775 800 776 751.
151 176 177 152.
776 801 802 777.
152 177 178 153.
777 802 803 778.
153 178 179 154.
778 803 804 779.
154 179 180 155.
779 804 805 780.
155 180 181 156.
780 805 806 781.
156 181 182 157.
781 806 807 782.
157 182 183 158.
782 807 808 783.
158 183 184 159.
783 808 809 784.
159 184 185 160.
784 809 810 785.
160 185 186 161.
785 810 811 786.
161 186 187 162.
786 811 812 787.
162 187 188 163.
787 812 813 788.
163 188 189 164.
788 813 814 789.
164 189 190 165.
789 814 815 790.
165 190 191 166.
790 815 816 791.
166 191 192 167.
791 816 817 792.
167 192 193 168.
792 817 818 793.
168 193 194 169.
793 818 819 794.
169 194 195 170.
794 819 820 795.
170 195 196 171.
795 820 821 796.
171 196 197 172.
796 821 822 797.
172 197 198 173.
797 822 823 798.
173 198 199 174.
798 823 824 799.
174 199 200 175.
799 824 825 800.
175 200 176 151.
800 825 801 776.
176 201 202 177.
801 826 827 802.
177 202 203 178.
802 827 828 803.
178 203 204 179.
803 828 829 804.
179 204 205 180.
804 829 830 805.
180 205 206 181.
805 830 831 806.
181 206 207 182.
806 831 832 807.
182 207 208 183.
807 832 833 808.
183 208 209 184.
808 833 834 809.
184 209 210 185.
809 834 835 810.
185 210 211 186.
810 835 836 811.
186 211 212 187.
811 836 837 812.
187 212 213 188.
812 837 838 813.
188 213 214 189.
813 838 839 814.
189 214 215 190.
814 839 840 815.
190 215 216 191.
815 840 841 816.
191 216 217 192.
816 841 842 817.
192 217 218 193.
817 842 843 818.
193 218 219 194.
818 843 844 819.
194 219 220 195.
819 844 845 820.
195 220 221 196.
820 845 846 821.
196 221 222 197.
821 846 847 822.
197 222 223 198.
822 847 848 823.
198 223 224 199.
823 848 849 824.
199 224 225 200.
824 849 850 825.
200 225 201 176.
825 850 826 801.
201 226 227 202.
826 851 852 827.
202 227 228 203.
827 852 853 828.
203 228 229 204.
828 853 854 829.
204 229 230 205.
829 854 855 830.
205 230 231 206.
830 855 856 831.
206 231 232 207.
831 856 857 832.
207 232 233 208.
832 857 858 833.
208 233 234 209.
833 858 859 834.
209 234 235 210.
834 859 860 835.
210 235 236 211.
835 860 861 836.
211 236 237 212.
836 861 862 837.
212 237 238 213.
837 862 863 838.
213 238 239 214.
838 863 864 839.
214 239 240 215.
839 864 865 840.
215 240 241 216.
840 865 866 841.
216 241 242 217.
841 866 867 842.
217 242 243 218.
842 867 868 843.
218 243 244 219.
843 868 869 844.
219 244 245 220.
844 869 870 845.
220 245 246 221.
845 870 871 846.
221 246 247 222.
846 871 872 847.
222 247 248 223.
847 872 873 848.
223 248 249 224.
848 873 874 849.
224 249 250 225.
849 874 875 850.
225 250 226 201.
850 875 851 826.
226 251 252 227.
851 876 877 852.
227 252 253 228.
852 877 878 853.
228 253 254 229.
853 878 879 854.
229 254 255 230.
854 879 880 855.
230 255 256 231.
855 880 881 856.
231 256 257 232.
856 881 882 857.
232 257 258 233.
857 882 883 858.
233 258 259 234.
858 883 884 859.
234 259 260 235.
859 884 885 860.
235 260 261 236.
860 885 886 861.
236 261 262 237.
861 886 887 862.
237 262 263 238.
862 887 888 863.
238 263 264 239.
863 888 889 864.
239 264 265 240.
864 889 890 865.
240 265 266 241.
865 890 891 866.
241 266 267 242.
866 891 892 867.
242 267 268 243.
867 892 893 868.
243 268 269 244.
868 893 894 869.
244 269 270 245.
869 894 895 870.
245 270 271 246.
870 895 896 871.
246 271 272 247.
871 896 897 872.
247 272 273 248.
872 897 898 873.
248 273 274 249.
873 898 899 874.
249 274 275 250.
874 899 900 875.
250 275 251 226.
875 900 876 851.
251 276 277 252.
876 901 902 877.
252 277 278 253.
877 902 903 878.
253 278 279 254.
878 903 904 879.
254 279 280 255.
879 904 905 880.
255 280 281 256.
880 905 906 881.
256 281 282 257.
881 906 907 882.
257 282 283 258.
882 907 908 883.
258 283 284 259.
883 908 909 884.
259 284 285 260.
884 909 910 885.
260 285 286 261.
885 910 911 886.
261 286 287 262.
886 911 912 887.
262 287 288 263.
887 912 913 888.
263 288 289 264.
888 913 914 889.
264 289 290 265.
889 914 915 890.
265 290 291 266.
890 915 916 891.
266 291 292 267.
891 916 917 892.
267 292 293 268.
892 917 918 893.
268 293 294 269.
893 918 919 894.
269 294 295 270.
894 919 920 895.
270 295 296 271.
895 920 921 896.
271 296 297 272.
896 921 922 897.
272 297 298 273.
897 922 923 898.
273 298 299 274.
898 923 924 899.
274 299 300 275.
899 924 925 900.
275 300 276 251.
900 925 901 876.
276 301 302 277.
901 926 927 902.
277 302 303 278.
902 927 928 903.
278 303 304 279.
903 928 929 904.
279 304 305 280.
904 929 930 905.
280 305 306 281.
905 930 931 906.
281 306 307 282.
906 931 932 907.
282 307 308 283.
907 932 933 908.
283 308 309 284.
908 933 934 909.
284 309 310 285.
909 934 935 910.
285 310 311 286.
910 935 936 911.
286 311 312 287.
911 936 937 912.
287 312 313 288.
912 937 938 913.
288 313 314 289.
913 938 939 914.
289 314 315 290.
914 939 940 915.
290 315 316 291.
915 940 941 916.
291 316 317 292.
916 941 942 917.
292 317 318 293.
917 942 943 918.
293 318 319 294.
918 943 944 919.
294 319 320 295.
919 944 945 920.
295 320 321 296.
920 945 946 921.
296 321 322 297.
921 946 947 922.
297 322 323 298.
922 947 948 923.
298 323 324 299.
923 948 949 924.
299 324 325 300.
924 949 950 925.
300 325 301 276.
925 950 926 901.
301 326 327 302.
926 951 952 927.
302 327 328 303.
927 952 953 928.
303 328 329 304.
928 953 954 929.
304 329 330 305.
929 954 955 930.
305 330 331 306.
930 955 956 931.
306 331 332 307.
931 956 957 932.
307 332 333 308.
932 957 958 933.
308 333 334 309.
933 958 959 934.
309 334 335 310.
934 959 960 935.
310 335 336 311.
935 960 961 936.
311 336 337 312.
936 961 962 937.
312 337 338 313.
937 962 963 938.
313 338 339 314.
938 963 964 939.
314 339 340 315.
939 964 965 940.
315 340 341 316.
940 965 966 941.
316 341 342 317.
941 966 967 942.
317 342 343 318.
942 967 968 943.
318 343 344 319.
943 968 969 944.
319 344 345 320.
944 969 970 945.
320 345 346 321.
945 970 971 946.
321 346 347 322.
946 971 972 947.
322 347 348 323.
947 972 973 948.
323 348 349 324.
948 973 974 949.
324 349 350 325.
949 974 975 950.
325 350 326 301.
950 975 951 926.
326 351 352 327.
951 976 977 952.
327 352 353 328.
952 977 978 953.
328 353 354 329.
953 978 979 954.
329 354 355 330.
954 979 980 955.
330 355 356 331.
955 980 981 956.
331 356 357 332.
956 981 982 957.
332 357 358 333.
957 982 983 958.
333 358 359 334.
958 983 984 959.
334 359 360 335.
959 984 985 960.
335 360 361 336.
960 985 986 961.
336 361 362 337.
961 986 987 962.
337 362 363 338.
962 987 988 963.
338 363 364 339.
963 988 989 964.
339 364 365 340.
964 989 990 965.
340 365 366 341.
965 990 991 966.
341 366 367 342.
966 991 992 967.
342 367 368 343.
967 992 993 968.
343 368 369 344.
968 993 994 969.
344 369 370 345.
969 994 995 970.
345 370 371 346.
970 995 996 971.
346 371 372 347.
971 996 997 972.
347 372 373 348.
972 997 998 973.
348 373 374 349.
973 998 999 974.
349 374 375 350.
974 999 1000 975.
350 375 351 326.
975 1000 976 951.
351 376 377 352.
976 1001 1002 977.
352 377 378 353.
977 1002 1003 978.
353 378 379 354.
978 1003 1004 979.
354 379 380 355.
979 1004 1005 980.
355 380 381 356.
980 1005 1006 981.
356 381 382 357.
981 1006 1007 982.
357 382 383 358.
982 1007 1008 983.
358 383 384 359.
983 1008 1009 984.
359 384 385 360.
984 1009 1010 985.
360 385 386 361.
985 1010 1011 986.
361 386 387 362.
986 1011 1012 987.
362 387 388 363.
987 1012 1013 988.
363 388 389 364.
988 1013 1014 989.
364 389 390 365.
989 1014 1015 990.
365 390 391 366.
990 1015 1016 991.
366 391 392 367.
991 1016 1017 992.
367 392 393 368.
992 1017 1018 993.
368 393 394 369.
993 1018 1019 994.
369 394 395 370.
994 1019 1020 995.
370 395 396 371.
995 1020 1021 996.
371 396 397 372.
996 1021 1022 997.
372 397 398 373.
997 1022 1023 998.
373 398 399 374.
998 1023 1024 999.
374 399 400 375.
999 1024 1025 1000.
375 400 376 351.
1000 1025 1001 976.
376 401 402 377.
1001 1026 1027 1002.
377 402 403 378.
1002 1027 1028 1003.
378 403 404 379.
1003 1028 1029 1004.
379 404 405 380.
1004 1029 1030 1005.
380 405 406 381.
1005 1030 1031 1006.
381 406 407 382.
1006 1031 1032 1007.
382 407 408 383.
1007 1032 1033 1008.
383 408 409 384.
1008 1033 1034 1009.
384 409 410 385.
1009 1034 1035 1010.
385 410 411 386.
1010 1035 1036 1011.
386 411 412 387.
1011 1036 1037 1012.
387 412 413 388.
1012 1037 1038 1013.
388 413 414 389.
1013 1038 1039 1014.
389 414 415 390.
1014 1039 1040 1015.
390 415 416 391.
1015 1040 1041 1016.
391 416 417 392.
1016 1041 1042 1017.
392 417 418 393.
1017 1042 1043 1018.
393 418 419 394.
1018 1043 1044 1019.
394 419 420 395.
1019 1044 1045 1020.
395 420 421 396.
1020 1045 1046 1021.
396 421 422 397.
1021 1046 1047 1022.
397 422 423 398.
1022 1047 1048 1023.
398 423 424 399.
1023 1048 1049 1024.
399 424 425 400.
1024 1049 1050 1025.
400 425 401 376.
1025 1050 1026 1001.
401 426 427 402.
1026 1051 1052 1027.
402 427 428 403.
1027 1052 1053 1028.
403 428 429 404.
1028 1053 1054 1029.
404 429 430 405.
1029 1054 1055 1030.
405 430 431 406.
1030 1055 1056 1031.
406 431 432 407.
1031 1056 1057 1032.
407 432 433 408.
1032 1057 1058 1033.
408 433 434 409.
1033 1058 1059 1034.
409 434 435 410.
1034 1059 1060 1035.
410 435 436 411.
1035 1060 1061 1036.
411 436 437 412.
1036 1061 1062 1037.
412 437 438 413.
1037 1062 1063 1038.
413 438 439 414.
1038 1063 1064 1039.
414 439 440 415.
1039 1064 1065 1040.
415 440 441 416.
1040 1065 1066 1041.
416 441 442 417.
1041 1066 1067 1042.
417 442 443 418.
1042 1067 1068 1043.
418 443 444 419.
1043 1068 1069 1044.
419 444 445 420.
1044 1069 1070 1045.
420 445 446 421.
1045 1070 1071 1046.
421 446 447 422.
1046 1071 1072 1047.
422 447 448 423.
1047 1072 1073 1048.
423 448 449 424.
1048 1073 1074 1049.
424 449 450 425.
1049 1074 1075 1050.
425 450 426 401.
1050 1075 1051 1026.
426 451 452 427.
1051 1076 1077 1052.
427 452 453 428.
1052 1077 1078 1053.
428 453 454 429.
1053 1078 1079 1054.
429 454 455 430.
1054 1079 1080 1055.
430 455 456 431.
1055 1080 1081 1056.
431 456 457 432.
1056 1081 1082 1057.
432 457 458 433.
1057 1082 1083 1058.
433 458 459 434.
1058 1083 1084 1059.
434 459 460 435.
1059 1084 1085 1060.
435 460 461 436.
1060 1085 1086 1061.
436 461 462 437.
1061 1086 1087 1062.
437 462 463 438.
1062 1087 1088 1063.
438 463 464 439.
1063 1088 1089 1064.
439 464 465 440.
1064 1089 1090 1065.
440 465 466 441.
1065 1090 1091 1066.
441 466 467 442.
1066 1091 1092 1067.
442 467 468 443.
1067 1092 1093 1068.
443 468 469 444.
1068 1093 1094 1069.
444 469 470 445.
1069 1094 1095 1070.
445 470 471 446.
1070 1095 1096 1071.
446 471 472 447.
1071 1096 1097 1072.
447 472 473 448.
1072 1097 1098 1073.
448 473 474 449.
1073 1098 1099 1074.
449 474 475 450.
1074 1099 1100 1075.
450 475 451 426.
1075 1100 1076 1051.
451 476 477 452.
1076 1101 1102 1077.
452 477 478 453.
1077 1102 1103 1078.
453 478 479 454.
1078 1103 1104 1079.
454 479 480 455.
1079 1104 1105 1080.
455 480 481 456.
1080 1105 1106 1081.
456 481 482 457.
1081 1106 1107 1082.
457 482 483 458.
1082 1107 1108 1083.
458 483 484 459.
1083 1108 1109 1084.
459 484 485 460.
1084 1109 1110 1085.
460 485 486 461.
1085 1110 1111 1086.
461 486 487 462.
1086 1111 1112 1087.
462 487 488 463.
1087 1112 1113 1088.
463 488 489 464.
1088 1113 1114 1089.
464 489 490 465.
1089 1114 1115 1090.
465 490 491 466.
1090 1115 1116 1091.
466 491 492 467.
1091 1116 1117 1092.
467 492 493 468.
1092 1117 1118 1093.
468 493 494 469.
1093 1118 1119 1094.
469 494 495 470.
1094 1119 1120 1095.
470 495 496 471.
1095 1120 1121 1096.
471 496 497 472.
1096 1121 1122 1097.
472 497 498 473.
1097 1122 1123 1098.
473 498 499 474.
1098 1123 1124 1099.
474 499 500 475.
1099 1124 1125 1100.
475 500 476 451.
1100 1125 1101 1076.
476 501 502 477.
1101 1126 1127 1102.
477 502 503 478.
1102 1127 1128 1103.
478 503 504 479.
1103 1128 1129 1104.
479 504 505 480.
1104 1129 1130 1105.
480 505 506 481.
1105 1130 1131 1106.
481 506 507 482.
1106 1131 1132 1107.
482 507 508 483.
1107 1132 1133 1108.
483 508 509 484.
1108 1133 1134 1109.
484 509 510 485.
1109 1134 1135 1110.
485 510 511 486.
1110 1135 1136 1111.
486 511 512 487.
1111 1136 1137 1112.
487 512 513 488.
1112 1137 1138 1113.
488 513 514 489.
1113 1138 1139 1114.
489 514 515 490.
1114 1139 1140 1115.
490 515 516 491.
1115 1140 1141 1116.
491 516 517 492.
1116 1141 1142 1117.
492 517 518 493.
1117 1142 1143 1118.
493 518 519 494.
1118 1143 1144 1119.
494 519 520 495.
1119 1144 1145 1120.
495 520 521 496.
1120 1145 1146 1121.
496 521 522 497.
1121 1146 1147 1122.
497 522 523 498.
1122 1147 1148 1123.
498 523 524 499.
1123 1148 1149 1124.
499 524 525 500.
1124 1149 1150 1125.
500 525 501 476.
1125 1150 1126 1101.
501 526 527 502.
1126 1151 1152 1127.
502 527 528 503.
1127 1152 1153 1128.
503 528 529 504.
1128 1153 1154 1129.
504 529 530 505.
1129 1154 1155 1130.
505 530 531 506.
1130 1155 1156 1131.
506 531 532 507.
1131 1156 1157 1132.
507 532 533 508.
1132 1157 1158 1133.
508 533 534 509.
1133 1158 1159 1134.
509 534 535 510.
1134 1159 1160 1135.
510 535 536 511.
1135 1160 1161 1136.
511 536 537 512.
1136 1161 1162 1137.
512 537 538 513.
1137 1162 1163 1138.
513 538 539 514.
1138 1163 1164 1139.
514 539 540 515.
1139 1164 1165 1140.
515 540 541 516.
1140 1165 1166 1141.
516 541 542 517.
1141 1166 1167 1142.
517 542 543 518.
1142 1167 1168 1143.
518 543 544 519.
1143 1168 1169 1144.
519 544 545 520.
1144 1169 1170 1145.
520 545 546 521.
1145 1170 1171 1146.
521 546 547 522.
1146 1171 1172 1147.
522 547 548 523.
1147 1172 1173 1148.
523 548 549 524.
1148 1173 1174 1149.
524 549 550 525.
1149 1174 1175 1150.
525 550 526 501.
1150 1175 1151 1126.
526 551 552 527.
1151 1176 1177 1152.
527 552 553 528.
1152 1177 1178 1153.
528 553 554 529.
1153 1178 1179 1154.
529 554 555 530.
1154 1179 1180 1155.
530 555 556 531.
1155 1180 1181 1156.
531 556 557 532.
1156 1181 1182 1157.
532 557 558 533.
1157 1182 1183 1158.
533 558 559 534.
1158 1183 1184 1159.
534 559 560 535.
1159 1184 1185 1160.
535 560 561 536.
1160 1185 1186 1161.
536 561 562 537.
1161 1186 1187 1162.
537 562 563 538.
1162 1187 1188 1163.
538 563 564 539.
1163 1188 1189 1164.
539 564 565 540.
1164 1189 1190 1165.
540 565 566 541.
1165 1190 1191 1166.
541 566 567 542.
1166 1191 1192 1167.
542 567 568 543.
1167 1192 1193 1168.
543 568 569 544.
1168 1193 1194 1169.
544 569 570 545.
1169 1194 1195 1170.
545 570 571 546.
1170 1195 1196 1171.
546 571 572 547.
1171 1196 1197 1172.
547 572 573 548.
1172 1197 1198 1173.
548 573 574 549.
1173 1198 1199 1174.
549 574 575 550.
1174 1199 1200 1175.
550 575 551 526.
1175 1200 1176 1151.
551 576 577 552.
1176 1201 1202 1177.
552 577 578 553.
1177 1202 1203 1178.
553 578 579 554.
1178 1203 1204 1179.
554 579 580 555.
1179 1204 1205 1180.
555 580 581 556.
1180 1205 1206 1181.
556 581 582 557.
1181 1206 1207 1182.
557 582 583 558.
1182 1207 1208 1183.
558 583 584 559.
1183 1208 1209 1184.
559 584 585 560.
1184 1209 1210 1185.
560 585 586 561.
1185 1210 1211 1186.
561 586 587 562.
1186 1211 1212 1187.
562 587 588 563.
1187 1212 1213 1188.
563 588 589 564.
1188 1213 1214 1189.
564 589 590 565.
1189 1214 1215 1190.
565 590 591 566.
1190 1215 1216 1191.
566 591 592 567.
1191 1216 1217 1192.
567 592 593 568.
1192 1217 1218 1193.
568 593 594 569.
1193 1218 1219 1194.
569 594 595 570.
1194 1219 1220 1195.
570 595 596 571.
1195 1220 1221 1196.
571 596 597 572.
1196 1221 1222 1197.
572 597 598 573.
1197 1222 1223 1198.
573 598 599 574.
1198 1223 1224 1199.
574 599 600 575.
1199 1224 1225 1200.
575 600 576 551.
1200 1225 1201 1176.
576 601 602 577.
1201 1226 1227 1202.
577 602 603 578.
1202 1227 1228 1203.
578 603 604 579.
1203 1228 1229 1204.
579 604 605 580.
1204 1229 1230 1205.
580 605 606 581.
1205 1230 1231 1206.
581 606 607 582.
1206 1231 1232 1207.
582 607 608 583.
1207 1232 1233 1208.
583 608 609 584.
1208 1233 1234 1209.
584 609 610 585.
1209 1234 1235 1210.
585 610 611 586.
1210 1235 1236 1211.
586 611 612 587.
1211 1236 1237 1212.
587 612 613 588.
1212 1237 1238 1213.
588 613 614 589.
1213 1238 1239 1214.
589 614 615 590.
1214 1239 1240 1215.
590 615 616 591.
1215 1240 1241 1216.
591 616 617 592.
1216 1241 1242 1217.
592 617 618 593.
1217 1242 1243 1218.
593 618 619 594.
1218 1243 1244 1219.
594 619 620 595.
1219 1244 1245 1220.
595 620 621 596.
1220 1245 1246 1221.
596 621 622 597.
1221 1246 1247 1222.
597 622 623 598.
1222 1247 1248 1223.
598 623 624 599.
1223 1248 1249 1224.
599 624 625 600.
1224 1249 1250 1225.
600 625 601 576.
1225 1250 1226 1201.
601 1 2 602.
1226 626 627 1227.
602 2 3 603.
1227 627 628 1228.
603 3 4 604.
1228 628 629 1229.
604 4 5 605.
1229 629 630 1230.
605 5 6 606.
1230 630 631 1231.
606 6 7 607.
1231 631 632 1232.
607 7 8 608.
1232 632 633 1233.
608 8 9 609.
1233 633 634 1234.
609 9 10 610.
1234 634 635 1235.
610 10 11 611.
1235 635 636 1236.
611 11 12 612.
1236 636 637 1237.
612 12 13 613.
1237 637 638 1238.
613 13 14 614.
1238 638 639 1239.
614 14 15 615.
1239 639 640 1240.
615 15 16 616.
1240 640 641 1241.
616 16 17 617.
1241 641 642 1242.
617 17 18 618.
1242 642 643 1243.
618 18 19 619.
1243 643 644 1244.
619 19 20 620.
1244 644 645 1245.
620 20 21 621.
1245 645 646 1246.
621 21 22 622.
1246 646 647 1247.
622 22 23 623.
1247 647 648 1248.
623 23 24 624.
1248 648 649 1249.
624 24 25 625.
1249 649 650 1250.
625 25 1 601.
1250 650 626 1226.
